(1622176611,0.4665752)
(-149240679,0.85404974)
(-9662614,0.115967035)
(-92012312,0.027573884)
(-1755948907,0.9478478)
(-693817063,0.1786623)
(-917612248,0.3691343)
(938642073,0.24133557)
(-1011711884,0.29073215)
(-836366281,0.17086077)
(-154138200,0.8792629)
(-963449265,0.56729305)
(-5879806,0.9109504)
(-120632763,0.99652344)
(1653124809,0.09737259)
(518253436,0.60398364)
(817952902,0.27458495)
(-95334179,0.19020218)
(-722296443,0.1102736)
(1560584287,0.9158855)
(-1810348279,0.008760393)
(-1105204671,0.65247667)
(-1818734782,0.5076599)
(-1784666194,0.77699095)
(877816825,0.2728864)
(-1011591935,0.5127188)
(660574801,0.097435296)
(-1809752731,0.22917134)
(-807291803,0.47234488)
(-665157222,0.42735237)
(677408118,0.28400916)
(-865588125,0.332717)
(-1838178150,0.6961129)
(22506296,0.885284)
(-1040805812,0.015384376)
(-750925599,0.099321246)
(-9660971,0.78919065)
(107830726,0.123671174)
(-149063908,0.6995915)
(1679465606,0.5149291)
(1546550440,0.30648273)
(-62123004,0.45096385)
(1666796519,0.55785596)
(1703698692,0.52077913)
(641387509,0.82575184)
(738917079,0.54053503)
(-1037863040,0.14202267)
(-922250789,0.8867444)
(701318370,0.7076135)
(-34566623,0.973834)
